564
320
420
444
400
2056
1484
212
164
168
164
2160
212
548
164
620
164
960
164
1540
208
164
4600
1456
208
264
164
164
164
168
164
164
488
164
164
2240
208
2840
3192
212
164
164
168
164
168
168
388
520
168
1128
212
3136
212
260
164
2800
208
164
1532
208
6588
956
164
164
168
164
168
164
168
576
168
344
164
168
164
168
168
664
176
1180
4364
212
3604
208
544
164
196
164
168
476
164
3468
208
168
828
168
164
168
164
1932
212
3524
212
452
168
164
168
360
164
172
164
164
168
164
596
168
2176
208
2756
212
652
164
168
204
168
484
376
1964
208
2780
208
164
164
164
168
164
2820
208
568
164
164
164
172
164
2028
212
164
168
360
168
164
168
164
1508
628
168
296
164
168
1860
212
308
168
164
4032
212
168
164
164
164
164
168
164
1412
212
700
1256
212
356
168
164
164
172
424
412
420
420
4294966692
240
1840
208
2816
212
164
356
360
164
516
4112
4936
3592
208
272
168
164
188
164
752
2868
212
164
168
164
168
164
480
164
820
164
168
164
236
164
164
164
400
420
4294966692
240
420
4294966744
1264
724
268
400
2356
800
164
1704
212
416
164
2608
208
168
332
168
164
252
164
2548
212
164
168
164
360
1480
212
164
164
1592
212
3288
212
164
168
164
164
2988
212
4884
212
468
168
164
168
164
724
168
1764
208
2708
212
3448
212
164
168
164
168
164
440
168
164
168
164
168
588
168
1920
208
1784
208
164
164
168
180
168
500
176
416
1144
212
3060
212
760
1384
212
1420
212
348
232
168
320
164
292
168
164
176
164
640
164
400
420
420
4294966692
240
420
4294966716
1264
160
4756
212
172
168
512
164
2672
212
1200
212
2732
212
164
164
164
168
3260
208
164
168
744
164
168
920
164
168
164
216
164
624
164
324
164
356
164
184
164
396
420
4294966692
240
3688
212
3232
4772
212
164
168
656
168
164
4584
212
3076
768
164
164
2248
208
3728
208
1188
208
236
164
200
164
484
1300
212
164
1044
212
348
168
664
168
164
640
164
168
164
356
168
164
164
528
320
420
1296
4896
212
164
168
172
168
652
388
344
164
364
4272
208
2824
464
168
1608
1016
208
164
168
164
168
1952
1144
208
448
164
288
348
168
164
164
164
556
168
168
800
808
164
224
516
168
164
868
164
168
164
400
4294966692
240
420
1100
212
3092
212
344
168
1764
208
712
164
520
2244
208
2660
4244
208
1496
212
1284
208
164
504
164
548
164
168
1660
212
164
416
168
164
164
2240
208
168
164
164
164
168
892
168
164
168
240
172
920
168
2924
208
168
164
168
164
172
396
424
4294966692
240
4294966696
240
420
4294966692
240
4172
2612
208
164
1576
1400
212
900
716
1640
208
3480
208
164
168
384
164
824
1008
212
1184
208
168
164
484
2656
208
1568
208
356
168
312
168
164
164
168
164
168
4294966436
1876
212
168
164
560
164
356
320
4252
3436
208
732
164
168
164
436
164
168
164
440
164
1336
208
168
164
168
164
164
168
4294966592
240
3552
4804
212
360
168
164
168
164
168
2296
212
2704
208
3328
208
2248
208
164
168
404
168
572
4600
208
1464
208
1924
208
168
164
392
168
3836
868
164
1900
212
636
168
164
2252
212
4524
208
168
1764
208
556
168
164
168
164
168
764
1184
212
2760
3292
208
168
164
1180
208
188
164
164
2624
208
168
164
168
164
2776
208
1124
212
504
164
188
168
164
164
164
3316
1804
208
4356
208
164
180
168
164
332
168
184
164
164
168
164
1504
208
168
164
900
168
164
244
420
556
2624
212
448
164
168
264
164
172
936
168
1052
208
3588
212
516
644
164
992
2348
212
164
164
1580
212
168
256
164
376
164
496
164
532
164
2396
208
2244
208
2376
208
164
4624
212
164
168
164
164
168
376
168
3720
208
168
3224
208
168
164
168
164
700
164
168
792
164
608
164
168
164
1336
208
164
3740
212
168
164
168
572
164
184
164
164
164
3044
212
2672
208
164
2184
5288
212
488
164
1928
212
1936
208
3240
208
1716
212
1004
208
164
320
168
164
164
164
168
240
784
164
168
164
164
2204
1308
212
856
168
2304
212
2324
208
164
2580
208
3624
212
576
164
164
168
164
168
1808
208
2816
212
164
168
3200
208
168
164
168
164
1872
212
164
168
220
168
788
164
164
164
336
168
520
164
168
168
396
4294966692
244
1136
212
652
168
3264
212
4912
208
164
280
164
720
164
1488
208
168
164
164
1356
208
3260
212
2968
208
2504
208
624
168
168
912
168
3704
212
232
168
164
164
940
164
380
164
368
164
672
168
604
164
1368
208
2508
208
164
848
168
164
680
264
164
2608
2676
208
2844
208
1500
208
3808
212
2692
2316
5048
208
416
168
984
168
268
1576
208
2892
208
496
164
168
956
168
164
632
168
164
168
500
168
536
560
356
164
168
164
460
168
164
176
412
444
400
420
420
4294966956
1028
2248
208
2156
452
168
164
168
164
168
1564
636
568
164
168
164
168
164
168
172
416
4294966764
1264
620
320
420
4294966692
240
420
4294966696
240
1860
208
164
164
320
420
3284
208
3888
212
188
168
524
912
168
1652
212
164
168
164
532
432
3560
208
168
164
2960
208
392
3592
208
2988
208
168
164
164
1064
208
3108
2596
208
1084
208
588
164
228
368
164
164
164
164
1196
212
388
3576
212
348
164
784
164
860
168
164
3124
212
164
168
164
380
164
168
244
164
1336
212
164
616
168
1696
208
168
1204
212
164
164
168
164
1612
208
168
244
164
320
420
1152
2636
2404
1604
456
168
164
164
1232
212
980
340
2048
208
2044
212
164
276
168
1056
208
1768
440
168
3352
212
164
520
168
164
168
164
164
164
4294966436
1424
208
164
840
164
248
164
400
420
420
1336
1872
208
556
164
3044
212
168
448
164
604
164
4324
208
584
1124
212
164
472
1088
212
164
168
452
880
164
1356
1784
208
212
168
164
164
528
2632
208
164
5276
212
164
168
164
164
4294966440
928
956
168
780
168
796
168
2196
324
164
520
164
264
168
164
168
496
164
164
984
804
164
968
164
168
788
224
164
164
320
808
608
164
320
420
1444
208
956
164
168
240
2548
212
164
452
164
168
168
848
168
3624
208
372
164
2856
4844
208
164
2724
208
4896
1300
208
164
1556
208
164
168
268
168
164
168
164
536
424
168
240
512
164
436
5608
3320
208
668
168
164
4400
212
220
168
180
168
164
172
168
504
164
164
164
488
164
300
164
320
2916
3212
208
168
164
2076
3504
208
1628
208
168
2212
212
484
164
2880
208
164
248
168
164
812
168
496
164
2296
720
164
168
1880
208
164
168
4760
3744
212
164
168
368
164
584
164
168
164
4052
208
380
164
168
172
164
248
168
692
164
1916
212
368
168
200
168
164
588
2204
208
164
168
800
164
1520
1756
3468
208
632
772
168
620
168
288
168
256
164
164
164
812
1448
1876
5072
736
164
364
164
232
952
164
712
168
164
168
164
532
168
368
164
164
168
740
164
164
1112
212
352
164
580
164
1592
208
164
312
320
420
420
424
4294966692
244
772
172
3688
208
180
164
540
168
808
364
164
168
164
664
164
164
396
420
4294966692
240
3580
612
164
1416
212
164
168
164
168
164
2952
208
168
164
560
468
164
520
964
164
164
164
360
168
3536
212
2236
3312
208
400
168
164
6592
208
276
168
164
168
164
168
164
872
3892
2968
208
168
164
780
164
168
164
168
164
164
164
168
164
168
172
4294966684
244
420
4294966764
1264
4294966796
240
420
4294966776
1184
2856
212
2420
208
2340
208
3352
208
288
168
620
168
164
840
168
1936
4796
208
592
164
472
224
164
168
164
164
168
164
1560
208
164
164
168
164
168
320
244
420
420
4294966724
1264
716
244
1848
208
3448
212
312
4172
212
2968
208
168
164
1024
208
1452
384
164
2776
208
3332
208
688
164
676
164
1160
208
496
164
168
164
532
168
164
168
200
164
164
164
428
168
364
240
420
420
420
4294966692
240
1268
208
2152
208
164
168
748
532
168
296
168
396
3016
212
3656
208
168
712
324
168
368
164
480
168
164
2556
664
168
164
220
168
528
164
168
556
804
164
812
2312
3360
212
164
952
976
1272
208
168
1860
208
1992
208
360
164
168
480
164
652
2632
212
164
168
3972
208
3368
1708
208
164
1784
212
172
280
164
252
168
164
360
164
164
168
164
808
168
3668
212
424
164
664
168
312
1536
208
1300
208
1832
212
164
168
4444
208
3372
208
4404
208
168
164
580
168
164
3096
212
164
576
396
164
168
164
164
168
720
168
164
168
1120
208
316
164
672
204
164
416
164
400
420
424
660
240
420
1020
208
492
248
424
420
1052
212
320
1804
208
168
168
396
4294966692
784
164
316
420
2152
684
168
164
696
168
956
164
168
164
164
1612
208
164
164
172
396
424
420
788
168
3260
208
168
1868
212
1112
212
220
164
1332
208
548
5376
2484
208
172
164
164
164
168
292
164
164
164
164
508
168
1144
212
2116
212
676
168
384
164
196
168
164
1652
800
164
168
268
172
1112
2316
208
168
324
1232
704
164
168
612
164
168
164
244
444
400
420
420
4294966692
244
420
4294966692
240
1048
948
304
168
168
400
420
4294966888
1108
708
244
2556
3732
684
164
652
460
1764
212
1724
208
608
164
164
168
420
168
164
164
168
444
168
164
216
164
2276
212
164
196
164
2944
208
848
164
716
164
956
208
164
432
168
608
168
164
168
332
168
872
168
240
420
4294966692
240
420
4294966988
1028
4294966988
1108
2464
1704
208
168
324
168
164
164
164
244
1076
212
320
1320
4056
212
164
168
880
200
164
164
2348
212
520
164
1696
208
164
400
164
436
164
168
708
164
1504
212
528
164
168
904
2740
212
900
1200
212
228
168
1740
212
2504
208
164
164
248
732
332
1732
208
168
164
164
708
168
220
4592
2084
208
1380
208
2952
208
192
164
504
164
168
164
164
164
164
164
164
164
1340
208
5024
208
748
164
164
252
164
168
164
168
164
2772
212
5176
328
168
164
484
164
340
168
312
168
388
2440
212
168
224
164
168
212
168
1988
212
2540
212
348
164
164
928
164
2904
208
168
164
164
164
2880
2240
208
700
164
168
164
164
168
172
164
164
164
516
328
2560
208
2420
208
184
164
500
164
168
164
164
164
168
300
168
520
164
244
420
420
1044
208
2004
212
3392
208
2264
208
724
164
3100
212
164
164
168
164
168
444
1556
208
1176
996
168
2364
208
328
168
164
168
2420
208
4088
896
168
600
164
464
164
164
164
164
164
3128
2244
1280
208
1876
4516
208
856
168
164
296
164
164
164
588
1424
212
404
168
164
164
164
164
168
360
164
1312
212
164
1184
208
424
164
2276
3800
212
164
444
164
1100
212
272
164
2280
208
232
2080
208
164
168
2396
2668
212
164
168
204
164
164
164
168
164
168
1392
212
164
224
168
544
164
172
400
420
4294966692
2320
212
164
164
768
164
168
320
2540
212
260
168
2632
716
164
1768
208
664
168
312
1636
208
816
164
716
2200
3340
208
168
164
168
164
164
168
164
780
168
168
164
168
2580
208
168
1040
208
476
224
164
168
2872
212
168
304
164
164
1188
212
164
168
164
244
4294966692
244
420
4294967128
872
420
1868
208
4480
212
164
168
820
168
164
1544
212
164
164
1944
208
168
1928
2420
212
976
164
168
244
168
4488
344
432
168
308
836
168
764
168
164
168
164
164
1644
208
164
168
164
168
164
756
168
192
164
3924
1392
1332
208
164
396
164
164
168
164
168
2588
208
168
164
168
164
168
3520
212
164
1376
212
2488
1492
208
168
164
256
812
164
164
164
168
164
168
164
168
5652
212
164
380
168
2892
2244
2204
840
164
1092
212
2516
208
2324
208
2236
208
2944
208
164
164
168
164
168
552
164
168
164
164
164
164
356
172
3504
208
164
164
236
168
164
908
168
2436
212
2788
2244
208
2824
208
2352
212
3344
260
168
164
436
164
1600
4356
2260
212
1208
208
168
164
168
164
164
168
608
168
3668
740
164
164
168
164
164
480
164
168
672
164
1172
212
432
168
1400
212
3396
224
2584
208
344
168
328
524
168
416
168
164
696
164
168
164
168
164
164
224
164
400
448
396
420
420
420
2472
208
4288
212
260
164
544
660
164
468
168
164
208
164
168
308
168
164
164
3956
212
3452
212
4136
208
168
568
164
612
644
164
348
164
1640
208
164
3752
212
2748
208
2676
340
520
164
184
168
164
168
164
168
332
168
164
1736
596
164
800
168
476
164
168
196
168
364
164
244
420
2000
212
3168
208
164
164
164
168
3016
212
168
164
168
1788
212
240
164
1260
208
164
168
420
168
164
168
668
164
244
1076
212
320
420
1392
212
164
3240
208
288
164
2716
212
732
168
420
164
212
164
1568
208
168
164
736
164
164
636
652
164
168
532
2412
1552
208
168
3748
208
1040
212
164
616
164
164
384
164
168
164
168
320
164
168
164
168
652
168
396
420
516
168
1376
212
164
488
168
172
2644
208
164
2508
212
164
164
164
164
200
168
572
168
320
420
420
4294967044
952
996
168
320
420
420
4294966692
376
324
420
1204
2304
212
1820
212
776
164
1480
208
368
168
292
824
164
1532
208
168
164
352
168
164
164
164
592
168
320
4452
2588
208
164
168
164
4496
1416
988
164
2812
208
1000
420
164
820
3592
4480
4336
208
168
4644
2936
208
164
464
2648
208
164
4848
208
168
164
168
568
164
168
164
384
164
928
168
744
164
164
168
164
1848
5892
208
600
164
1308
208
164
640
292
168
164
484
164
708
164
164
164
360
168
164
164
1872
208
168
1936
212
1836
212
164
168
164
168
228
2800
208
2572
208
1792
4296
3652
468
168
2684
1824
208
168
576
164
164
3016
208
168
180
164
168
616
164
164
164
376
168
504
164
3216
208
692
164
168
164
640
168
164
168
164
224
696
168
164
172
412
1248
1932
1104
208
596
168
1312
212
164
4864
208
168
164
168
164
164
440
764
168
508
168
1548
212
164
352
164
632
168
1000
208
204
744
168
164
492
168
164
1344
212
164
2448
2692
208
164
168
164
168
600
164
364
164
164
1616
208
716
1756
212
164
164
164
168
164
924
168
172
416
2556
1736
2140
212
164
168
164
2824
212
164
1636
208
164
168
2456
208
164
164
168
164
440
1692
1320
500
168
164
168
164
168
1140
212
2808
208
2780
5156
208
788
164
168
164
168
164
320
168
164
220
164
336
168
164
188
172
396
2884
212
180
168
388
504
164
168
252
256
4504
208
168
164
168
356
164
568
164
1320
208
168
164
168
232
176
2584
2272
208
168
3644
208
4116
208
296
164
544
168
164
748
168
528
168
164
848
732
168
164
168
164
232
168
2444
208
1468
212
256
164
164
1588
212
168
164
168
468
168
832
3280
208
168
164
348
168
220
168
544
164
1148
1072
2008
208
2344
208
3164
208
412
168
240
164
164
1624
752
168
1188
208
712
168
856
168
1228
208
1904
208
168
2484
208
164
168
164
288
168
360
1852
212
168
164
168
1532
212
164
164
396
168
616
168
164
164
164
176
412
4294966692
244
420
4294966692
240
560
3764
1820
212
2472
3352
764
500
164
168
164
652
164
228
164
168
164
164
224
164
168
1824
564
164
168
576
164
168
164
176
412
184
168
1572
212
180
164
240
420
1008
212
2496
208
992
168
164
168
168
164
400
4294966844
1188
996
164
352
164
168
316
420
500
340
2464
212
164
524
168
164
172
396
2988
208
2832
208
168
164
3520
208
1636
212
164
168
656
168
592
528
164
204
168
444
164
168
164
204
164
560
180
1276
212
716
164
368
164
168
744
172
396
1564
212
620
164
168
400
1556
3060
208
356
4444
208
3476
368
164
864
168
164
344
828
2004
6132
208
164
164
168
164
308
168
164
168
1416
3072
208
168
616
164
292
164
168
164
168
1896
212
164
1200
2772
1856
212
436
756
164
224
168
164
164
164
164
360
164
404
2716
212
1104
844
164
168
2700
212
704
164
692
164
164
164
168
164
168
364
168
164
476
168
1784
208
168
164
168
164
176
696
172
416
420
420
2348
576
1728
2384
404
164
384
164
164
484
164
1416
212
3452
208
164
168
164
168
164
168
164
164
4294966440
484
240
4294966692
1500
212
168
172
412
1544
208
168
240
420
3348
212
1212
692
168
164
764
168
224
164
168
400
168
164
244
420
4294966820
1188
520
4294966692
240
888
168
400
420
420
792
4248
3140
208
356
168
164
168
2784
208
508
168
828
496
164
168
864
3104
208
4308
1780
208
168
264
164
448
164
236
164
1508
212
164
168
164
784
392
168
164
164
164
984
2712
208
4496
4508
208
168
164
168
164
500
164
164
168
780
168
164
164
164
344
164
692
2556
212
168
4044
212
168
652
164
168
728
168
168
272
164
164
164
796
164
1900
212
864
572
168
328
164
1556
528
168
3364
212
164
164
164
488
168
164
168
504
588
168
164
3372
4388
208
484
164
2252
212
164
168
2216
208
164
696
164
164
480
164
164
168
164
168
164
4294966840
484
316
644
164
320
680
172
412
808
172
560
3836
212
164
164
2068
212
